11700 133 366
11701 139 364
11702 147 363
11705 167 355
11706 177 351
11707 186 348
11708 195 346
11727 334 311
11728 341 308
11729 348 307
11730 355 305
11732 369 303
11733 376 302
11734 383 300
11735 389 299
11736 396 296
11737 403 299
11738 411 297
11739 416 297
11740 423 295
11741 430 293
11742 434 292
11743 444 294
11744 449 293
11745 457 290
11746 462 291
11747 470 289
11748 473 291
11749 480 291
11750 486 287
11751 491 288
11752 501 285
11753 507 287
11754 511 288
11755 522 287
11756 528 288
11757 536 287
11758 534 284
11759 545 287
11761 555 285
11762 564 283
11764 573 285
11765 579 286
11766 588 285
11767 590 287
11768 597 286
11769 602 285
11770 610 286
11782 680 292
11787 706 295
11788 709 296
11790 718 298
11791 728 301
11792 733 300
11793 739 302
11794 744 303
11795 748 306
11797 759 305
11798 762 308
11799 770 309
11800 779 312
11801 781 312
11802 787 313
11803 791 314
11804 798 315
11805 799 317
11806 803 318
11807 809 318
11808 813 322
11809 817 323
11810 822 323
11811 828 324
11812 833 325
11813 838 328
11814 843 330
11815 847 334
11816 853 335
11817 858 334
11818 861 345
11819 866 338
11820 873 341
11821 877 343
11822 883 347
11823 885 349
11824 891 349
11825 894 350
11826 900 353
11827 903 354
11828 908 358
11829 915 359
11830 918 361
11835 941 371
11836 946 372
11837 949 378
11838 955 378
11839 959 380
11840 964 383
11842 971 387
11843 975 389
11844 980 393
11845 984 395
11846 989 398
11847 992 400
11848 997 403
11850 1006 409
11851 1010 411
11852 1013 414
