20426 138 361
20427 147 359
20432 183 356
20433 191 354
20434 196 352
20435 202 352
20436 211 350
20437 217 350
20438 225 349
20439 233 349
20440 240 348
20441 247 346
20442 252 346
20443 266 346
20452 325 338
20453 336 338
20454 348 341
20456 352 334
20457 361 335
20458 365 335
20459 371 336
20460 378 335
20461 387 334
20462 390 333
20463 398 332
20464 406 333
20465 413 331
20466 419 330
20467 425 333
20468 431 330
20469 437 331
20470 443 331
20471 451 331
20472 455 330
20473 463 330
20474 470 331
20475 473 329
20476 482 332
20477 488 331
20478 493 329
20479 499 329
20480 506 329
20481 510 329
20482 518 330
20483 524 330
20484 531 328
20485 537 332
20486 545 330
20487 549 330
20488 556 330
20489 561 329
20490 564 329
20491 573 330
20492 577 329
20493 585 330
20494 590 330
20495 596 330
20496 604 330
20497 610 329
20498 616 330
20499 621 332
20500 627 332
20501 632 332
20502 638 331
20503 645 332
20504 651 334
20505 655 333
20506 661 333
20507 667 334
20508 672 334
20509 678 333
20511 692 337
20512 696 337
20513 700 338
20514 707 338
20515 713 338
20516 718 339
20517 724 339
20518 732 341
20519 731 341
20520 739 342
20521 747 342
20522 751 345
20523 759 345
20524 766 345
20525 777 350
20526 778 348
20527 782 346
20528 785 350
20529 792 349
20530 796 351
20531 803 352
20532 806 353
20533 811 354
20534 814 354
20535 822 355
20536 827 359
20537 835 359
20538 839 359
20539 846 361
20540 850 363
20542 863 363
20544 873 362
20546 880 367
20548 890 371
20549 898 373
20550 903 373
20551 910 374
20552 913 375
20553 918 378
20554 923 378
20555 928 380
20556 933 380
20557 938 382
20558 942 385
20559 951 387
20560 954 388
20561 961 390
20562 965 391
20563 970 393
20564 976 392
20565 980 396
20566 986 396
20567 989 399
20568 996 401
20569 1002 402
20570 1004 404
20571 1011 407
20572 1015 407
20573 1019 411
20574 1025 412
20575 1033 414
20576 1035 416
20577 1041 418
20578 1045 419
